%Create VCM Plant Model
%Note:  This model is from "Design and testing of track-following
%controllers for dual-state servo systems with PZT actuated suspensions" by
%Li and Horowitz, Microsystem Technologies, 2002
Gv = 10;  %DC Gain
Gv1 = tf((2*pi*135)^2,[1 2*0.1*2*pi*135 (2*pi*135)^2]);
Gv2 = tf((2*pi*5500)^2,[1 2*0.03*2*pi*5500 (2*pi*5500)^2]);
Gv3 = tf((2*pi*8640)^2,[1 2*0.05*2*pi*8640 (2*pi*8640)^2]);
Gv4 = 7300^2/7650^2*tf([1 2*.015*2*pi*7650 (2*pi*7650)^2],[1 2*.03*2*pi*7300 (2*pi*7300)^2]);
VCM = Gv*Gv1*Gv2*Gv3*Gv4;

Gp = 0.1;  %DC gain
Gp1 = tf((2*pi*8460)^2,[1 2*0.01*2*pi*8460 (2*pi*8460)^2]);
Gp2 = 5500^2/5650^2*tf([1 2*.03*2*pi*5650 (2*pi*5650)^2],[1 2*.03*2*pi*5500 (2*pi*5500)^2]);
Gp3 = 7300^2/7650^2*tf([1 2*.015*2*pi*7650 (2*pi*7650)^2],[1 2*.03*2*pi*7300 (2*pi*7300)^2]);
Gp4 = 8070^2/8250^2*tf([1 2*.02*2*pi*8250 (2*pi*8250)^2],[1 2*.015*2*pi*8070 (2*pi*8070)^2]);
Gp5 = 10650^2/10530^2*tf([1 2*.015*2*pi*10530 (2*pi*10530)^2],[1 2*.01*2*pi*10650 (2*pi*10650)^2]);
PZT = Gp*Gp1*Gp2*Gp3*Gp4*Gp5;

